# higgs_mass,higgs_width,number_of_events
50.,-1.,50000
51.,-1.,50000
52.,-1.,50000
53.,-1.,50000
54.,-1.,50000
55.,-1.,50000
56.,-1.,50000
57.,-1.,50000
58.,-1.,50000
59.,-1.,50000
60.,-1.,50000
61.,-1.,50000
62.,-1.,50000
63.,-1.,50000
64.,-1.,50000
65.,-1.,50000
66.,-1.,50000
67.,-1.,50000
68.,-1.,50000
69.,-1.,50000
70.,-1.,50000
71.,-1.,50000
72.,-1.,50000
73.,-1.,50000
74.,-1.,50000
75.,-1.,50000
76.,-1.,50000
77.,-1.,50000
78.,-1.,50000
79.,-1.,50000
80.,-1.,50000
81.,-1.,50000
82.,-1.,50000
83.,-1.,50000
84.,-1.,50000
85.,-1.,50000
86.,-1.,50000
87.,-1.,50000
88.,-1.,50000
89.,-1.,50000
90.,-1.,50000
91.,-1.,50000
92.,-1.,50000
93.,-1.,50000
94.,-1.,50000
95.,-1.,50000
96.,-1.,50000
97.,-1.,50000
98.,-1.,50000
99.,-1.,50000
100.,-1.,10000
101.,-1.,10000
102.,-1.,10000
103.,-1.,10000
104.,-1.,10000
105.,-1.,10000
106.,-1.,10000
107.,-1.,10000
108.,-1.,10000
109.,-1.,10000
110.,-1.,10000
111.,-1.,10000
112.,-1.,10000
113.,-1.,10000
114.,-1.,10000
115.,-1.,10000
116.,-1.,10000
117.,-1.,10000
118.,-1.,10000
119.,-1.,10000
120.,-1.,10000
121.,-1.,10000
122.,-1.,10000
123.,-1.,10000
124.,-1.,10000
125.,-1.,10000
126.,-1.,10000
127.,-1.,10000
128.,-1.,10000
129.,-1.,10000
130.,-1.,10000
131.,-1.,10000
132.,-1.,10000
133.,-1.,10000
134.,-1.,10000
135.,-1.,10000
136.,-1.,10000
137.,-1.,10000
138.,-1.,10000
139.,-1.,10000
140.,-1.,10000
141.,-1.,10000
142.,-1.,10000
143.,-1.,10000
144.,-1.,10000
145.,-1.,10000
146.,-1.,10000
147.,-1.,10000
148.,-1.,10000
149.,-1.,10000
150.,-1.,10000
151.,-1.,10000
152.,-1.,10000
153.,-1.,10000
154.,-1.,10000
155.,-1.,10000
156.,-1.,10000
157.,-1.,10000
158.,-1.,10000
159.,-1.,10000
160.,-1.,10000
161.,-1.,10000
162.,-1.,10000
163.,-1.,10000
164.,-1.,10000
165.,-1.,10000
166.,-1.,10000
167.,-1.,10000
168.,-1.,10000
169.,-1.,10000
170.,-1.,10000
171.,-1.,10000
172.,-1.,10000
173.,-1.,10000
174.,-1.,10000
175.,-1.,10000
176.,-1.,10000
177.,-1.,10000
178.,-1.,10000
179.,-1.,10000
180.,-1.,10000
181.,-1.,10000
182.,-1.,10000
183.,-1.,10000
184.,-1.,10000
185.,-1.,10000
186.,-1.,10000
187.,-1.,10000
188.,-1.,10000
189.,-1.,10000
190.,-1.,10000
191.,-1.,10000
192.,-1.,10000
193.,-1.,10000
194.,-1.,10000
195.,-1.,10000
196.,-1.,10000
197.,-1.,10000
198.,-1.,10000
199.,-1.,10000
200.,-1.,10000
201.,-1.,10000
202.,-1.,10000
203.,-1.,10000
204.,-1.,10000
205.,-1.,10000
206.,-1.,10000
207.,-1.,10000
208.,-1.,10000
209.,-1.,10000
210.,-1.,10000
211.,-1.,10000
212.,-1.,10000
213.,-1.,10000
214.,-1.,10000
215.,-1.,10000
216.,-1.,10000
217.,-1.,10000
218.,-1.,10000
219.,-1.,10000
220.,-1.,10000
221.,-1.,10000
222.,-1.,10000
223.,-1.,10000
224.,-1.,10000
225.,-1.,10000
226.,-1.,10000
227.,-1.,10000
228.,-1.,10000
229.,-1.,10000
230.,-1.,10000
231.,-1.,10000
232.,-1.,10000
233.,-1.,10000
234.,-1.,10000
235.,-1.,10000
236.,-1.,10000
237.,-1.,10000
238.,-1.,10000
239.,-1.,10000
240.,-1.,10000
241.,-1.,10000
242.,-1.,10000
243.,-1.,10000
244.,-1.,10000
245.,-1.,10000
246.,-1.,10000
247.,-1.,10000
248.,-1.,10000
249.,-1.,10000
250.,-1.,10000
255.,-1.,10000
260.,-1.,10000
265.,-1.,10000
270.,-1.,10000
275.,-1.,10000
280.,-1.,10000
285.,-1.,10000
290.,-1.,10000
295.,-1.,10000
300.,-1.,10000
305.,-1.,10000
310.,-1.,10000
315.,-1.,10000
320.,-1.,10000
325.,-1.,10000
330.,-1.,10000
335.,-1.,10000
340.,-1.,10000
345.,-1.,10000
350.,-1.,10000
355.,-1.,10000
360.,-1.,10000
365.,-1.,10000
370.,-1.,10000
375.,-1.,10000
380.,-1.,10000
385.,-1.,10000
390.,-1.,10000
395.,-1.,10000
400.,-1.,10000
405.,-1.,10000
410.,-1.,10000
415.,-1.,10000
420.,-1.,10000
425.,-1.,10000
430.,-1.,10000
435.,-1.,10000
440.,-1.,10000
445.,-1.,10000
450.,-1.,10000
455.,-1.,10000
460.,-1.,10000
465.,-1.,10000
470.,-1.,10000
475.,-1.,10000
480.,-1.,10000
485.,-1.,10000
490.,-1.,10000
495.,-1.,10000
500.,-1.,10000
505.,-1.,10000
510.,-1.,10000
515.,-1.,10000
520.,-1.,10000
525.,-1.,10000
530.,-1.,10000
535.,-1.,10000
540.,-1.,10000
545.,-1.,10000
550.,-1.,10000
555.,-1.,10000
560.,-1.,10000
565.,-1.,10000
570.,-1.,10000
575.,-1.,10000
580.,-1.,10000
585.,-1.,10000
590.,-1.,10000
595.,-1.,10000
600.,-1.,10000
605.,-1.,10000
610.,-1.,10000
615.,-1.,10000
620.,-1.,10000
625.,-1.,10000
630.,-1.,10000
635.,-1.,10000
640.,-1.,10000
645.,-1.,10000
650.,-1.,10000
655.,-1.,10000
660.,-1.,10000
665.,-1.,10000
670.,-1.,10000
675.,-1.,10000
680.,-1.,10000
685.,-1.,10000
690.,-1.,10000
695.,-1.,10000
700.,-1.,10000
705.,-1.,10000
710.,-1.,10000
715.,-1.,10000
720.,-1.,10000
725.,-1.,10000
730.,-1.,10000
735.,-1.,10000
740.,-1.,10000
745.,-1.,10000
750.,-1.,10000
755.,-1.,10000
760.,-1.,10000
765.,-1.,10000
770.,-1.,10000
775.,-1.,10000
780.,-1.,10000
785.,-1.,10000
790.,-1.,10000
795.,-1.,10000
800.,-1.,10000